1420
1950
457
711
1003
1876
1461
1430
80
1061
1907
1917
443
633
395
1961
1569
246
1025
90
1644
1941
139
1170
1940
440
640
433
1363
649
1342
1267
1106
1758
936
1467
629
1016
2017
490
375
1948
611
258
1351
133
2039
1864
1758
1636
1759
1897
1142
370
1278
1582
1010
1199
386
1660
494
1141
207
2035
853
1143
944
970
1648
914
948
2023
815
1559
1769
1654
1180
1761
1472
379
1351
672
229
1981
1042
995
1516
148
1902
1153
130
997
1361
119
1338
457
1063
1796
1465
698
1569
1768
1745
779
1376
879
494
289
1258
1333
961
976
1267
2003
1971
736
2008
1607
79
603
1226
564
1964
833
1390
1909
1384
1140
1456
802
1326
466
1024
1246
875
1391
1740
1164
91
1026
78
555
246
2014
470
1531
1063
87
242
602
1539
1075
1992
1401
1947
573
298
702
1899
765
201
365
1499
1077
1244
1192
194
823
1706
1808
1378
1440
1842
834
1398
814
1897
1435
389
1627
1525
1928
143
1471
771
2044
1069
233
1385
1322
434
1238
774
999
435
1454
1194
747
1113
443
78
506
1773
400
1904
541
250
781
930
1877
259
300
2020
1218
1071
1551
704
1628
1784
392
172
1280
1166
1171
1203
574
1853
1950
1175
249
1517
1682
1511
1405
1027
1656
1808
423
974
1556
723
436
727
1794
1987
1431
864
1725
1473
1256
1385
194
1910
2044
886
1972
1851
277
1101
1588
1282
224
1052
641
1251
545
1785
501
969
712
1692
636
225
928
577
1657
1280
1790
571
2024
1128
254
1887
613
1140
1813
417
905
355
1494
141
579
2034
270
1318
1307
990
720
805
123
1357
1031
539
1422
641
1307
1165
700
1284
1781
954
613
347
379
253
441
734
1235
582
801
710
852
72
731
348
1380
1209
1068
1673
821
1913
657
848
776
786
109
1429
1487
881
1163
394
1494
999
1977
1873
1252
371
1975
441
337
638
781
410
1370
1129
1278
532
1685
904
1353
1040
1050
155
1816
1836
1799
1199
1276
633
1850
1159
81
802
1089
1442
1542
1460
979
1470
1389
1316
1597
123
1214
920
740
1980
940
378
326
1782
1418
1376
1425
676
1165
1177
1875
1930
1298
1678
1042
1379
1969
1619
263
952
1032
730
376
1909
2046
1973
2032
702
334
725
635
762
591
961
497
2010
1825
1922
639
944
540
2002
315
1839
1121
845
659
1043
417
410
1996
1449
1140
1860
799
628
1274
272
1330
1096
997
1453
1858
1076
1903
309
527
1681
1719
1166
66
1748
609
381
1540
1731
1226
1687
215
1643
1586
164
533
679
1512
1332
795
739
1604
1613
1323
1020
1135
607
876
932
1134
2045
604
254
65
305
351
446
1333
1161
462
251
245
1950
779
168
904
1599
452
1131
645
408
175
1038
1543
782
1402
428
1917
1401
520
1659
1466
314
2010
1400
1647
1534
514
1597
1273
248
1086
664
515
1255
1568
67
1707
653
200
1213
1061
1911
205
646
1607
2008
449
2016
1663
1915
283
1115
757
1419
90
759
969
1363
1007
1544
2027
1522
240
1037
1078
1435
1690
1278
601
192
630
806
1772
1277
1902
1221
769
304
1190
1921
1708
962
989
418
334
567
1177
791
1930
1673
288
1398
1148
528
388
179
1963
1566
946
518
1246
1576
812
459
294
155
1680
1064
1995
312
938
1656
1274
1415
1562
1608
1982
180
1887
1353
1853
129
704
955
145
581
622
1597
100
1568
1603
835
586
1903
1294
880
928
1432
1495
1240
1858
1104
2002
1226
107
1051
649
287
891
2002
1629
508
148
654
729
647
1739
317
1704
1295
640
243
639
1935
611
651
304
2044
99
1032
1855
691
987
523
286
2038
1172
882
616
1691
879
252
1716
1021
981
316
713
786
1508
1496
1427
1751
88
803
316
228
1107
313
1862
92
1656
2042
567
132
281
558
793
1878
928
1409
1522
1807
1661
679
781
83
484
982
357
1992
431
1784
1697
540
1501
1771
1135
1302
1586
715
911
1581
1282
532
1351
1328
1325
1182
1745
687
146
1505
1836
825
1775
1407
797
710
1764
743
630
990
1928
126
1018
870
1897
107
125
1436
310
1036
459
1593
1568
1298
874
334
1968
509
1602
1566
298
381
782
1193
666
980
911
1409
1098
1901
778
1224
360
1648
1074
467
1773
1999
266
251
1946
1859
1307
685
174
1642
606
235
104
162
1289
1938
1084
697
492
1995
1595
1591
1337
1861
768
1186
1463
1331
1141
677
771
1407
928
670
1219
1724
843
882
1319
1449
1117
1423
1099
1894
802
618
1406
1887
804
1898
1323
352
1442
102
166
1699
1288
1117
983
382
1795
1754
1790
164
1912
450
1888
708
1332
1160
1645
1937
186
1784
827
804
1143
155
1608
483
1479
1448
1925
1581
1103
1065
822
173
692
1968
1243
435
86
596
886
1462
1304
1706
576
391
1597
89
577
822
916
1381
1966
560
431
402
2039
1879
1815
1061
935
834
1371
1109
323
518
1567
1987
92
1651
826
1555
909
2020
1619
788
1570
1708
1365
346
65
699
1800
625
1130
1690
105
451
1458
1166
1386
1780
490
1983
507
455
1112
447
204
761
1590
1113
222
650
1901
1793
311
707
1627
1912
1407
868
2025
2025
511
84
429
1457
738
1816
1191
1229
1240
736
1224
1695
1336
1159
1731
1540
1920
762
95
1630
901
1484
1376
700
145
444
565
1040
1312
506
1311
116
936
722
854
193
1401
1571
1433
1625
748
570
402
1907
1789
1430
1268
2039
1013
852
893
451
1716
1594
84
114
1647
612
914
1679
1118
179
1283
1542
389
1626
1735
1790
1150
610
1368
1387
668
1258
1247
1945
641
2004
1937
1655
809
272
1594
2013
1354
1678
1615
954
243
483
75
849
150
846
345
539
425
1568
1817
1064
131
626
404
287
1884
1651
185
478
1096
1611
1621
1393
1371
1168
1360
678
799
416
1120
530
387
683
1380
537
1530
1725
564
1955
734
334
460
354
960
864
641
797
2004
315
764
1053
1926
338
400
1250
1507
1248
1416
1794
1664
489
1813
1173
634
542
656
1847
1107
534
929
513
888
1890
865
1530
640
822
1333
1404
1876
700
1231
1764
1438
179
965
807
1973
582
1296
1227
75
1957
1861
106
1661
701
1642
149
1630
108
525
1473
973
1543
1602
1284
829
447
1113
1529
1678
318
920
1857
1283
1727
1272
1353
465
452
1429
375
267
1023
1965
1416
1724
1560
1565
1307
1156
222
82
1587
1824
854
1905
224
1967
1387
1391
238
1796
689
1009
1476
1961
1851
1429
367
1233
1293
122
1744
1211
1538
1421
724
545
169
1880
77
391
1450
1664
1703
258
1522
1416
1713
351
760
1440
100
1449
402
1064
852
1741
447
1219
927
1740
829
112
904
320
1533
1116
353
1191
949
430
1582
1887
727
98
1058
96
1300
897
344
693
485
1281
583
1550
86
278
1997
793
693
1178
1622
806
1570
1431
1827
639
1784
971
1076
168
2042
916
1751
210
503
250
306
1803
1148
138
1984
1633
1419
624
994
286
1787
468
1240
851
762
251
1770
542
378
995
1002
1454
1163
485
1859
355
695
315
606
489
1606
1242
627
1543
316
1534
1551
941
481
1326
1003
1757
1794
1732
509
1471
1819
539
1850
767
1029
1257
1419
1514
557
1262
1697
872
1356
139
1966
551
254
1462
356
1277
455
785
1246
1781
1276
444
1016
961
493
1013
1921
1800
1552
1724
521
422
1428
1537
980
643
676
1852
1488
303
1772
2039
558
675
1883
1323
1130
621
522
352
1898
967
856
300
948
1869
174
702
863
1898
711
886
274
1627
1911
1254
223
540
547
1199
844
1807
1192
890
1971
516
1701
542
1138
1711
895
477
119
1239
777
1068
1062
440
1770
1413
291
434
1787
1651
795
1772
1680
831
925
2012
591
1605
343
515
74
2044
546
700
1196
929
1177
1316
121
1955
337
671
1883
127
2029
1824
1716
1531
917
464
744
783
1157
1538
1375
715
1881
1378
278
1366
1412
978
515
294
1644
1319
416
1040
1656
1087
876
1204
613
1003
674
1925
160
158
283
113
391
321
896
1548
1859
1759
217
1181
579
2030
500
1991
961
504
239
558
1823
143
1598
921
1230
1962
78
1331
407
241
1210
567
399
981
680
790
1303
1065
292
603
777
2044
1273
1356
2027
1261
789
429
1765
1028
476
1030
1171
1562
1439
1889
1478
1517
1174
1885
1246
1872
405
1646
806
574
1924
1597
1127
1704
1689
1904
1189
915
702
1169
129
1491
1087
1383
472
1563
1901
1131
566
1293
973
2044
251
1635
1882
1498
948
1776
585
1243
1838
1997
793
918
1655
1970
263
285
326
965
1455
456
1944
2030
1327
1904
1034
1181
988
1600
1962
1450
1598
166
1038
921
1664
1987
138
1737
1183
1464
1688
1464
1870
784
1388
87
1069
1714
540
2012
1658
438
1995
426
295
982
1095
1284
536
1010
175
1622
665
1213
2031
1817
641
123
1508
1824
1075
1149
730
899
1933
1606
986
955
761
1526
921
1908
1452
357
287
1748
1340
1383
473
1364
1881
648
427
499
1349
411
270
1991
1266
1256
1098
368
1986
1997
1789
1033
424
185
1795
1438
1106
1656
844
952
1943
245
767
2041
1097
90
642
1012
589
1479
1423
347
1423
934
1613
121
2032
1469
1595
1470
1211
582
1382
1397
330
773
1991
1986
1617
896
1370
1138
629
1626
1132
1214
1716
1262
179
1793
695
1091
94
1606
2025
1707
1215
1498
618
764
409
1829
1346
1791
667
1164
517
100
591
1623
484
1961
714
602
1028
1335
1816
697
550
1484
1979
733
528
1828
2041
1221
996
1492
1839
1248
1389
1110
547
1133
1265
1199
1138
1365
1790
714
1850
1705
917
405
174
1740
1709
360
1778
1146
292
465
1162
318
1781
1156
1027
218
89
308
1467
1478
1418
1502
636
655
1191
1490
398
1393
1293
1591
1798
1186
1254
1491
848
1614
1223
1483
1906
1176
598
1712
398
1755
692
616
1332
1000
1571
764
1906
1027
304
496
1170
1495
1986
1056
330
720
89
81
1394
1343
1061
195
398
1772
1678
257
901
1765
1457
787
961
102
1403
246
591
928
498
450
1443
803
434
1786
1908
1110
1604
69
687
1174
1463
1518
188
1659
1916
1960
778
126
302
2031
1071
1089
945
1174
1980
1192
1253
349
1178
1191
1792
1469
1114
1334
1209
975
398
766
1045
573
1428
461
1616
1608
1961
1017
1875
1576
807
1347
600
1384
246
1262
1318
926
468
1155
1148
389
1527
215
1723
177
1190
1609
431
1723
136
1860
1673
181
917
722
1630
1935
1159
183
1386
1760
1568
1120
463
327
2046
932
1482
1591
1568
1871
559
1783
1036
224
414
598
144
91
734
2004
1252
403
362
1974
2034
250
1501
634
1969
840
1882
1490
1448
299
1817
1447
719
740
479
240
527
2023
1089
751
1925
1687
895
2016
1910
340
709
1801
703
125
1276
441
1626
1399
363
1954
1234
1341
1355
1533
599
243
1740
1340
722
1980
1393
737
1444
1970
1489
1323
1098
337
780
449
166
1490
204
869
1615
968
798
682
320
1162
589
1555
1991
1432
529
544
1675
1758
1884
1885
1691
718
576
577
129
1553
1900
1227
1378
121
1677
1544
1099
1369
1901
667
290
653
837
99
1303
914
1142
1247
299
1159
1791
1462
870
1116
789
515
1322
853
580
1451
359
1968
120
1225
1285
723
1142
607
577
1297
385
718
88
2019
2021
1002
1114
710
790
227
454
205
1097
1059
482
1100
334
1335
1680
1274
1182
1601
882
361
1132
120
572
227
215
637
1012
88
1356
588
818
1079
1175
1528
1869
890
1471
1562
1476
483
2045
529
305
821
1698
1067
1492
1252
1949
1853
1872
1557
1913
1772
503
553
1861
1859
1141
1410
631
173
538
1647
2042
917
1071
1046
346
1042
532
875
1348
841
526
1903
286
1267
1806
1627
1092
804
1493
633
530
1997
1186
1879
1809
1815
1242
1928
1989
1268
1529
1472
138
2006
2019
1084
491
848
1920
1333
862
1776
1619
1617
1023
688
663
1828
134
784
1846
84
1458
1166
1382
1226
361
751
656
1117
1768
1617
744
1810
1576
716
335
1052
1743
842
1915
1472
1949
973
1984
590
1124
1253
213
1908
540
297
807
1706
1167
2034
1555
1407
131
625
1128
1748
857
379
766
1574
202
275
579
1945
1117
1982
859
1019
909
284
1098
2033
1537
1311
1383
1565
1096
143
1224
1752
1665
220
1112
1797
333
1728
986
1191
1596
1752
718
1798
1515
785
1185
585
721
2044
1093
1118
1816
1679
592
794
943
1975
312
1527
1607
1024
1232
1225
1244
297
463
1577
1514
938
721
1063
643
927
814
1647
1713
1999
185
1922
1484
766
993
1253
398
1073
829
1002
1847
310
824
1542
1275
1328
1227
1599
283
118
1808
1346
249
177
1648
1896
1890
1089
1570
1765
289
199
1268
176
1272
756
1005
1762
557
803
1812
1381
299
529
891
1115
1244
1978
1398
1362
1739
185
1611
1916
1833
949
1247
363
472
453
378
249
140
1134
425
901
1890
919
616
1935
1722
1917
758
1509
1934
1649
577
1131
1580
1463
1981
760
1136
1033
118
411
1982
1365
774
1942
1307
1152
145
1447
239
301
1618
977
406
1506
653
1811
217
115
1186
1866
181
1805
887
1132
1739
1648
222
725
1254
633
149
1407
1367
1724
256
240
1783
1858
713
451
806
854
1750
1023
970
889
331
1151
135
1218
236
1874
307
458
1561
579
190
1622
1475
1769
430
1476
935
686
1204
671
732
504
872
671
1310
1727
1910
1821
650
240
1640
1289
376
812
1525
203
607
1472
1779
1657
1969
720
967
1180
1150
396
68
1325
1601
227
1545
1099
1704
856
267
1567
630
405
1296
224
1694
1672
524
661
1363
619
86
1096
229
1625
506
437
1686
1076
430
1242
354
1519
1469
1387
1065
522
1044
1921
789
2040
1195
1349
1752
330
462
1764
991
1825
336
565
362
1679
869
491
1713
2043
1055
1631
1239
897
1104
661
237
122
671
1282
1532
1461
823
1525
97
125
718
1962
587
435
907
1900
259
960
216
313
592
1085
293
258
569
836
1378
1808
1734
435
1958
1971
557
582
694
1531
1517
1055
1628
1642
1773
1544
1717
1696
1939
1571
1956
852
1787
1757
933
313
679
882
840
132
445
1986
491
625
634
110
104
1077
1226
1747
291
211
905
1988
103
429
1385
444
169
1095
1377
482
587
853
915
985
930
2000
1028
869
444
1141
991
466
1251
1096
1031
431
284
810
130
1189
239
1769
1619
1624
166
1276
161
1031
1759
236
528
1151
1038
1569
2037
1554
391
1969
648
1383
1923
1388
1967
907
1819
1739
1206
1437
881
933
1159
1988
2046
1325
1218
160
1844
418
396
326
471
1035
362
997
557
352
2039
436
275
640
1307
1686
2028
1227
547
1288
919
1241
679
1289
127
1326
1230
126
93
401
1821
1937
307
170
216
266
693
67
1263
1250
419
1255
1687
182
1384
947
1869
853
128
1904
95
535
586
262
1824
713
1588
496
328
1169
385
102
1060
693
1808
764
959
454
831
1711
1705
739
919
833
921
1791
1780
231
598
1396
1623
181
1420
162
443
1197
364
1519
1693
180
642
282
1702
213
1578
1954
1172
1521
739
836
667
1478
1244
1500
1887
476
721
72
1074
71
1183
1255
1491
834
1186
129
1198
659
1311
1378
789
831
1148
1979
1044
680
1886
1704
1689
578
2029
309
1226
1809
1385
1190
483
1457
218
81
961
1533
915
101
1663
66
760
415
932
1037
1246
969
243
202
808
1947
1891
1387
1929
153
884
596
1450
222
1787
1421
1167
2005
1464
1249
919
950
117
508
1719
1268
2004
92
1793
1203
126
715
1446
1863
1524
1347
1195
352
717
836
724
1314
239
947
1054
1661
1602
500
1078
292
907
1516
1945
1416
1059
1617
125
1016
1709
1919
173
1324
587
1107
628
1599
1942
1824
1951
613
613
117
1415
341
552
1957
2002
107
1945
521
400
805
1525
298
1709
1403
1323
530
553
1195
191
1877
1270
786
1994
311
682
1771
1750
1295
337
1867
151
678
372
121
2015
2006
130
368
252
1144
154
1962
657
1045
1238
1187
1598
1921
866
917
632
1653
864
431
288
76
135
1071
1948
2002
1222
580
1863
771
189
1831
730
1855
1687
470
952
1329
385
1097
327
1111
238
1413
473
592
1818
594
198
123
1025
2021
199
1160
533
101
604
1243
169
1955
1502
1893
1739
185
1701
867
656
94
149
529
1192
2011
1129
918
1377
1090
1510
637
1684
1197
760
663
659
960
1311
681
549
1403
1924
718
1311
1380
564
491
1053
1754
1358
1197
1848
995
1215
481
959
1832
1399
1825
875
863
415
513
1548
663
664
1695
1111
1463
329
1660
820
1742
1866
84
563
384
64
1104
1626
1422
1790
1427
1906
958
1909
818
743
749
84
1618
1100
499
1619
601
651
1771
1785
1762
1188
67
1376
2008
1809
1195
1580
1860
1067
1132
918
646
2043
661
1562
1902
1619
912
673
1850
1661
246
909
203
233
2017
292
884
1741
600
370
98
1976
1866
1395
612
888
1209
1680
2020
1615
1814
2016
229
817
1871
1336
1729
2033
1139
832
232
1536
1035
465
994
815
1350
689
846
1438
1059
432
855
367
1827
1467
1255
477
588
1228
1891
1198
274
661
510
1610
1879
496
190
664
728
1215
1187
682
162
2002
1520
339
801
911
887
1233
1766
1254
502
1186
462
979
1263
1690
513
1107
329
787
1768
840
1886
1600
1336
1564
1752
1553
220
892
1723
383
336
1196
210
625
1097
1347
1314
1839
1849
453
254
269
1204
1433
782
264
1250
1058
1521
385
1074
868
1949
268
1909
123
648
1585
2041
984
222
1739
1098
282
790
398
1596
70
1735
1537
1860
2004
695
1246
228
447
449
774
1968
2028
1159
484
849
1061
752
199
672
1400
1784
154
1873
2006
1894
924
1776
125
810
813
195
498
1838
1543
1990
2021
742
1706
422
680
433
1878
149
1592
315
486
95
1067
685
255
1956
422
410
1270
1916
1792
147
1133
1917
445
1946
1600
943
1737
1097
374
1712
1327
1622
2007
2002
1453
1644
1036
1769
83
1131
277
768
1386
1721
678
1284
944
1029
579
1168
899
512
1067
1988
943
246
1038
1318
1446
318
840
509
1814
283
1962
899
1319
1172
983
403
938
1751
1278
100
383
515
533
1953
1545
1112
1075
1932
1113
1630
1873
1364
352
1327
763
159
1655
760
1461
1939
676
313
1211
1336
1296
1103
1762
489
334
1863
872
849
349
778
1882
949
1341
1768
925
1082
1560
242
1435
840
494
1594
1984
1254
1008
1364
1418
1321
528
196
1631
1958
548
1453
1262
908
256
1611
1174
1626
469
1347
1552
1394
1918
1065
1124
1306
1394
1106
341
819
314
1349
136
1220
111
152
1416
170
1784
816
718
678
1626
422
1131
242
621
711
837
126
1593
708
680
158
1502
1562
1265
1843
334
1067
633
470
240
745
622
1657
403
1894
426
610
526
1992
1724
948
1076
1966
438
1697
630
1276
1312
1711
1472
1992
1870
928
1507
1088
724
1329
108
1358
1799
348
1591
1909
1493
1994
1245
1407
1771
841
1770
160
1917
1177
87
1568
1808
1363
833
960
788
266
783
1204
1261
1359
1929
543
1467
1240
295
1304
784
1692
238
219
890
1134
265
102
1975
1523
1798
1333
653
1885
854
1949
689
1175
863
965
929
1134
123
143
447
686
1402
733
469
147
1005
115
1921
712
1005
1008
465
596
424
1988
347
1757
83
185
2032
362
716
336
1327
1646
1471
938
1789
1406
943
429
761
1164
898
397
122
501
271
323
995
767
788
1591
679
730
1938
389
813
1611
1977
286
1973
647
623
741
246
1680
1523
941
576
1952
1702
1229
292
1587
839
793
1858
1162
1788
66
1951
1332
745
634
711
1135
935
275
553
1221
1736
1200
1332
431
934
867
64
411
1808
128
316
952
1357
96
492
150
890
1839
1312
119
1905
704
940
92
826
1651
1227
1761
1415
1268
424
1104
422
1244
1535
1356
65
1087
1767
1361
1216
1572
266
1668
247
1699
2046
1574
965
1654
1432
1157
547
1524
1984
1686
192
1698
542
1461
1610
1647
1371
296
623
168
361
1711
1424
1722
368
437
1477
1917
1593
1212
1570
1593
739
2023
688
1659
1133
723
1137
1070
1897
817
210
393
1766
1308
1528
578
1604
104
747
1453
1303
1659
1129
1159
1030
1642
1259
553
676
1486
1364
1098
1150
1575
1723
174
1426
494
1919
1819
1748
1180
1300
1815
738
892
515
144
1684
127
761
796
176
296
1314
1306
1043
1355
1983
482
1372
1300
1581
476
829
1257
138
1743
1239
1515
429
678
256
197
1416
1148
200
1049
273
1862
1298
558
1526
1595
1872
785
79
1181
721
562
506
1510
1631
470
1827
329
608
1523
1057
106
479
1486
785
735
1171
1689
1371
1371
691
1133
674
1478
1691
153
514
1516
938
593
138
1148
643
133
611
227
603
1926
557
700
890
1102
806
1369
541
1591
1592
1200
1234
404
524
1413
1537
686
844
669
839
846
139
1265
1440
1812
366
1945
465
1799
502
344
1844
1202
1234
899
1496
928
1041
1636
81
1763
1529
93
1129
1019
779
1462
1689
1618
261
1316
836
1189
1081
691
1226
980
1156
466
970
989
263
1660
176
1162
1109
221
103
1345
1659
1354
827
1752
437
1335
484
1387
465
1590
1648
1269
1914
791
1838
558
1505
771
1203
1971
1229
145
1722
842
1856
325
1952
1565
1903
1543
864
1515
851
1179
1220
776
2002
1192
1651
420
223
1252
1689
90
1531
1481
137
477
1740
828
1936
411
973
1611
1253
782
1424
646
301
1280
1678
653
748
2017
1832
1456
234
1788
89
1885
1696
1847
578
827
1426
1796
1563
977
1879
1965
1388
805
1017
83
1075
395
729
864
1675
1895
1517
1912
1865
791
809
387
1937
1204
187
469
2031
1613
1780
617
199
449
1501
1587
1254
472
1670
1818
867
1888
635
2030
1736
106
1895
1555
385
146
1095
405
533
474
1609
720
431
1082
287
451
815
392
2034
502
842
1489
1584
1961
1713
1355
269
1042
1991
252
732
1636
1775
1970
1270
311
328
1803
785
1425
2011
1216
460
1786
1155
1276
132
631
1778
974
73
1309
511
1522
464
1355
1279
1506
1299
1019
1726
837
96
1454
760
1366
1766
1088
610
2039
466
575
697
415
314
1340
1179
446
1971
398
908
1532
1708
908
1007
125
216
1774
1119
1515
747
799
305
843
1741
553
1698
948
1129
261
429
1083
324
1126
1498
639
419
630
573
344
1029
1482
1876
690
343
325
303
1587
910
1562
287
1197
1355
619
892
1908
270
1328
478
1757
1561
344
324
1013
471
744
1643
1044
576
113
2014
1940
803
1845
1753
594
1892
1294
1505
895
1069
655
